
Game Board:

8    r  n  b  q  k  b  n  r
7    p  p  p  p  p  p  p  p
6    .  .  .  .  .  .  .  .
5    .  .  .  .  .  .  .  .
4    .  .  .  .  .  .  .  .
3    .  .  .  .  .  .  .  .
2    P  P  P  P  P  P  P  P
1    R  N  B  Q  K  B  N  R

     a  b  c  d  e  f  g  h
side:w
enPas:None (99)
castle:KQkq
PosKey: 913501152010093516

Please enter a move > 5
10
10
10
0
-10
-15
-30
-15
-30
0
-10
10
10
5
10
-10
-20
-20
-10
Depth:1 score:10 move:a2a4 nodes:21
PvLine of 1 Moves: a2a4 
Ordering: -nan
0
5
5
5
-5
-15
-20
-35
-20
-35
-5
-15
5
5
0
5
-25
-15
-15
-25
-5
-5
-5
5
15
20
35
20
35
5
15
-5
-5
0
-5
15
25
25
15
Depth:2 score:5 move:a2a3 nodes:81
PvLine of 2 Moves: a2a3 a7a5 
Ordering: 1
5
10
10
0
-10
-15
-30
-15
-30
0
-10
10
10
5
10
0
-20
-20
-10
0
0
0
10
20
25
40
25
40
10
20
0
0
5
0
30
20
20
30
0
15
15
5
-5
-10
-25
-10
-25
5
-5
15
15
10
15
5
5
-5
-15
-15
-5
10
15
5
5
-5
-10
-25
-10
-25
5
-5
15
15
10
15
-5
-5
-5
-15
-15
-5
10
15
0
5
-5
-10
-25
-10
-25
5
-5
15
15
10
15
-5
-5
-5
-15
-15
-5
0
5
5
5
-15
-20
-35
-20
-35
-5
-15
5
5
0
5
-5
-5
-5
-15
-25
-15
-10
-5
-5
-5
-10
-30
-45
-30
-45
-15
-25
-5
-5
-10
-5
-15
-15
-15
-25
-35
-35
-25
-15
-10
-10
-10
-20
-30
-35
-35
-50
-20
-30
-10
-10
-15
-10
-40
-45
-45
-40
-30
-20
-30
-40
-35
-40
-30
-20
-30
-25
-25
-25
-35
-45
-25
-50
-65
-35
-45
-25
-25
-30
-25
-55
-60
-60
-55
-45
-35
-35
-45
-55
-50
-55
-45
-35
-15
-10
-10
-10
-20
-30
-35
-50
-35
-20
-30
-10
-10
-15
-10
-40
-45
-45
-40
-135
-20
-20
-20
-20
-30
-40
-35
-40
-30
-20
-30
-25
-25
-25
-35
-45
-50
-65
-25
-35
-45
-25
-25
-30
-25
-55
-60
-60
-55
-45
-35
-35
-35
-35
-45
-55
-50
-55
-45
-35
0
5
5
5
-5
-15
-20
-35
-20
-35
-15
5
5
0
5
-15
-25
-15
-5
-10
-5
-5
-5
-15
-25
-30
-45
-30
-45
-10
-5
-5
-10
-5
-25
-35
-35
-25
-15
10
15
15
15
5
-5
-10
-25
-10
-25
5
-5
5
10
15
-5
-5
-5
-15
-15
-5
10
15
15
15
5
-5
-10
-25
-10
-25
5
-5
0
10
15
-5
-5
-5
-15
-15
-5
5
10
10
10
0
-10
-15
-30
-15
-30
0
-10
10
10
5
0
-10
-20
-20
10
15
15
15
5
-5
-10
-25
-10
-25
5
-5
15
15
0
5
5
-5
-15
-15
-5
-5
-5
-15
-25
-30
-45
-30
-45
-15
-25
-5
-5
-10
-5
-15
-5
-25
-25
-35
-25
-20
-15
-15
-15
-40
-55
-40
-55
-25
-35
-15
-15
-20
-15
-25
-5
-15
-25
-35
-35
-45
-35
-20
-15
-15
-15
-25
-35
-40
-55
-40
-55
-15
-15
-20
-15
-25
-35
-45
-5
-35
-35
-25
-15
-10
-5
-5
-5
-15
-25
-30
-45
-30
-45
-15
-25
-5
-5
-15
-25
-35
-5
-25
-25
Depth:3 score:10 move:a2a3 nodes:605
PvLine of 3 Moves: a2a3 a7a6 b2b3 
Ordering: 1
0
5
5
-5
-15
-20
-35
-20
-35
-5
-15
5
5
0
5
-5
-25
-15
-25
-5
-5
5
15
20
35
20
35
5
15
-5
-5
0
-5
5
25
25
15
-5
10
10
0
-10
-15
-30
-15
-30
0
-10
10
10
5
10
0
0
-20
-10
-10
-20
5
10
0
0
-10
-15
-30
-15
-30
0
-10
10
10
5
10
-10
-10
-20
-10
-10
-20
5
10
-5
-105
0
-10
-15
-30
-15
-30
0
-10
10
10
5
10
-10
-10
-20
-10
-10
-20
-5
0
0
0
-20
-25
-40
-25
-40
-10
-20
0
0
-5
0
-10
-10
-10
-20
-20
-30
-15
-10
-10
-10
-15
-35
-50
-35
-50
-20
-30
-10
-10
-15
-10
-20
-20
-20
-40
-30
-30
-40
-20
-15
-15
-15
-25
-35
-40
-40
-55
-25
-35
-15
-15
-20
-15
-45
-50
-50
-45
-140
-25
-40
-45
-35
-35
-45
-25
-35
-30
-30
-30
-40
-50
-30
-55
-70
-40
-50
-30
-30
-35
-30
-60
-65
-65
-60
-50
-40
-40
-55
-60
-50
-50
-60
-40
-20
-15
-15
-15
-25
-35
-40
-55
-40
-25
-35
-15
-15
-20
-15
-45
-50
-50
-45
-35
-25
-25
-25
-25
-45
-35
-35
-45
-40
-25
-35
-30
-30
-30
-40
-50
-55
-70
-30
-40
-50
-30
-30
-35
-30
-60
-65
-65
-60
-50
-40
-40
-40
-40
-60
-50
-50
-60
-55
-40
-5
0
0
0
-10
-20
-25
-40
-25
-40
-20
0
0
-5
0
-30
-20
-20
-10
-15
-10
-10
-10
-20
-30
-35
-50
-35
-50
-15
-10
-10
-15
-10
-40
-30
-30
-40
-20
5
10
10
10
0
-10
-15
-30
-15
-30
0
-10
0
5
10
-10
-10
-20
-10
-10
-20
5
10
10
10
0
-10
-15
-30
-15
-30
0
-10
-5
5
10
-10
-10
-20
-10
-10
-20
0
5
5
5
-5
-15
-20
-35
-20
-35
-5
-15
5
5
0
-5
-25
-15
-25
5
10
10
10
0
-10
-15
-30
-15
-30
0
-10
10
10
0
0
-20
-10
-10
-20
-25
-20
-20
-20
-45
-60
-45
-60
-30
-40
-20
-20
-25
-20
-30
-40
-40
-30
-20
-10
-40
-50
-15
-10
-10
-10
-20
-30
-35
-50
-35
-50
-20
-30
-10
-10
-20
-30
-30
-10
-30
-40
-10
-10
-20
-30
-35
-50
-35
-50
-20
-30
-10
-10
-15
-10
-20
-40
-30
-30
-30
-10
-25
-20
-20
-20
-30
-40
-45
-60
-45
-60
-20
-20
-25
-20
-30
-50
-40
-20
-30
-40
-40
-10
5
-10
-5
-10
-5
0
10
15
30
15
30
0
10
-10
-5
-10
-5
-5
-10
-5
0
0
10
20
20
10
-5
-10
-5
0
0
10
15
30
15
30
0
10
-10
-5
-10
-5
-5
-10
-5
10
10
10
20
20
10
-5
-10
-5
5
0
10
15
30
15
30
0
10
-10
-5
-10
-5
-5
-10
-5
10
10
10
20
20
10
5
0
0
0
20
25
40
25
40
10
20
0
0
5
0
10
10
10
20
30
20
15
10
10
10
15
35
50
35
50
20
30
10
10
15
10
20
20
20
30
40
40
30
20
15
15
15
25
35
40
40
55
25
35
15
15
20
15
45
50
50
45
140
25
35
45
40
45
35
25
35
30
30
30
40
50
30
55
70
40
50
30
30
35
30
60
65
65
60
50
40
40
50
60
55
60
50
40
20
15
15
15
25
35
40
55
40
25
35
15
15
20
15
45
50
50
45
140
25
25
25
25
35
45
40
45
35
25
35
30
30
30
40
50
55
70
30
40
50
30
30
35
30
60
65
65
60
50
40
40
40
45
50
60
55
60
50
40
5
0
0
0
10
20
25
40
25
40
20
0
0
5
0
20
30
20
10
15
10
10
10
20
30
35
50
35
50
15
10
10
15
10
30
40
40
30
20
-5
-10
-5
-10
-5
-10
-5
0
10
15
30
15
30
0
10
0
-5
-10
-5
10
10
10
20
20
10
-5
-10
-5
-10
-5
-10
-5
0
10
15
30
15
30
0
10
5
-5
-10
-5
10
10
10
20
20
10
0
-5
-5
-5
5
15
20
35
20
35
5
15
-5
-5
0
5
15
25
25
-5
-10
-5
-10
-5
-10
-5
0
10
15
30
15
30
0
10
-10
-5
-10
-5
10
0
0
10
20
20
10
10
10
20
30
35
50
35
50
20
30
10
10
15
10
20
10
30
30
40
30
25
20
20
20
45
60
45
60
30
40
20
20
25
20
30
10
20
30
40
40
50
40
25
20
20
20
30
40
45
60
45
60
20
20
25
20
30
40
50
10
40
40
30
20
15
10
10
10
20
30
35
50
35
50
20
30
10
10
20
30
40
10
30
30
Depth:4 score:5 move:a2a3 nodes:2044
PvLine of 4 Moves: a2a3 h7h6 a3a4 b7b6 
Ordering: 0.951762

Game Board:

8    r  n  b  q  k  b  n  r
7    p  p  p  p  p  p  p  p
6    .  .  .  .  .  .  .  .
5    .  .  .  .  .  .  .  .
4    .  .  .  .  .  .  .  .
3    .  .  .  .  .  .  .  .
2    P  P  P  P  P  P  P  P
1    R  N  B  Q  K  B  N  R

     a  b  c  d  e  f  g  h
side:w
enPas:None (99)
castle:KQkq
PosKey: 913501152010093516

Please enter a move > 